
===============
Q0.rq
===============
statistics
===============
10 tries

total,avg,0,1,2,3,4,5,6,7,8,9,
124.33080799999999,13.410019,11.645197,11.708365,12.095042,12.385311,12.714817,11.61178,13.336124,13.748168,11.675985,
126.36368999999999,13.781155,11.736575,11.517703,13.368631,11.665271,11.558131,12.78459,13.742121,13.76336,12.446153,12.636368999999998,
===============
Q1.rq
===============

===============
Q10.rq
===============
statistics
===============
10 tries

total,avg,0,1,2,3,4,5,6,7,8,9,
115.85530800000001,11.270021,13.316963,13.42219,11.196351,11.070776,11.04759,11.187222,11.159824,11.024624,11.159747,
118.813714,13.060139,13.302485,13.219658,11.301619,11.056377,11.014322,11.169151,11.265871,11.402435,12.021657,11.8813714,
===============
Q11.rq
===============
statistics
===============
10 tries

total,avg,0,1,2,3,4,5,6,7,8,9,
112.64309899999999,11.272119,11.170319,11.202641,11.298841,11.545009,11.620917,11.084247,11.265153,11.167008,11.016845,
112.679976,11.198999,11.278939,11.284264,12.008944,11.070096,11.147569,11.239649,11.275432,11.111858,11.064226,11.2679976,
===============
Q12.rq
===============
statistics
===============
10 tries

total,avg,0,1,2,3,4,5,6,7,8,9,
118.66352100000002,11.616467,11.33673,11.453244,13.740222,11.514053,11.500382,11.48465,11.889128,12.227298,11.901347,
120.33812999999999,11.55629,11.337288,11.387754,13.799286,13.721297,12.230125,11.446007,11.622155,11.457762,11.780166,12.033812999999999,
===============
Q2.rq
===============

===============
Q3.rq
===============

===============
Q4.rq
===============
statistics
===============
10 tries

total,avg,0,1,2,3,4,5,6,7,8,9,
0.19781,0.023547,0.019997,0.022219,0.018987,0.018075,0.017215,0.017678,0.021841,0.016551,0.0217,
0.196797,0.022883,0.021337,0.021143,0.01917,0.017732,0.019551,0.02234,0.017646,0.017217,0.017778,0.0196797,
===============
Q5.rq
===============
statistics
===============
10 tries

total,avg,0,1,2,3,4,5,6,7,8,9,
0.34346499999999996,0.031769,0.039678,0.031591,0.036032,0.028445,0.030251,0.041577,0.031251,0.031512,0.041359,
0.3786459999999999,0.040178,0.040079,0.043745,0.038072,0.043533,0.045079,0.029784,0.030037,0.039902,0.028237,0.03786459999999999,
===============
Q6.rq
===============
statistics
===============
10 tries

total,avg,0,1,2,3,4,5,6,7,8,9,
0.369591,0.043073,0.029744,0.043747,0.040652,0.036436,0.029923,0.039423,0.02846,0.03911,0.039023,
0.35313999999999995,0.031434,0.03676,0.042689,0.034431,0.038846,0.031946,0.030473,0.03086,0.037921,0.03778,0.035314,
===============
Q7.rq
===============
statistics
===============
10 tries

total,avg,0,1,2,3,4,5,6,7,8,9,
0.405069,0.052605,0.035701,0.044911,0.036494,0.045876,0.035762,0.038347,0.03302,0.049823,0.03253,
0.43772900000000003,0.04945,0.038486,0.034116,0.045493,0.046964,0.034104,0.053385,0.046941,0.035561,0.053229,0.043772900000000003,
===============
Q8.rq
===============
statistics
===============
10 tries

total,avg,0,1,2,3,4,5,6,7,8,9,
0.338429,0.030808,0.031864,0.0304,0.038432,0.028679,0.031804,0.035288,0.037307,0.038642,0.035205,
0.353297,0.040596,0.027478,0.036274,0.035109,0.033702,0.04024,0.024835,0.039719,0.036783,0.038561,0.035329700000000006,
===============
Q9.rq
===============
statistics
===============
10 tries

total,avg,0,1,2,3,4,5,6,7,8,9,
0.346643,0.043953,0.035763,0.037076,0.031647,0.03171,0.030821,0.031991,0.032767,0.033906,0.037009,
0.37033399999999994,0.03667,0.042322,0.031361,0.034939,0.032367,0.028526,0.057546,0.03117,0.039103,0.03633,0.037033399999999994,fullstat
Q0.rq
total,avg,0,1,2,3,4,5,6,7,8,9,
124.33080799999999,13.410019,11.645197,11.708365,12.095042,12.385311,12.714817,11.61178,13.336124,13.748168,11.675985,
126.36368999999999,13.781155,11.736575,11.517703,13.368631,11.665271,11.558131,12.78459,13.742121,13.76336,12.446153,12.636368999999998,
Q1.rq
total,avg,
0,
0,
Q10.rq
total,avg,0,1,2,3,4,5,6,7,8,9,
115.85530800000001,11.270021,13.316963,13.42219,11.196351,11.070776,11.04759,11.187222,11.159824,11.024624,11.159747,
118.813714,13.060139,13.302485,13.219658,11.301619,11.056377,11.014322,11.169151,11.265871,11.402435,12.021657,11.8813714,
Q11.rq
total,avg,0,1,2,3,4,5,6,7,8,9,
112.64309899999999,11.272119,11.170319,11.202641,11.298841,11.545009,11.620917,11.084247,11.265153,11.167008,11.016845,
112.679976,11.198999,11.278939,11.284264,12.008944,11.070096,11.147569,11.239649,11.275432,11.111858,11.064226,11.2679976,
Q12.rq
total,avg,0,1,2,3,4,5,6,7,8,9,
118.66352100000002,11.616467,11.33673,11.453244,13.740222,11.514053,11.500382,11.48465,11.889128,12.227298,11.901347,
120.33812999999999,11.55629,11.337288,11.387754,13.799286,13.721297,12.230125,11.446007,11.622155,11.457762,11.780166,12.033812999999999,
Q2.rq
total,avg,
0,
0,
Q3.rq
total,avg,
0,
0,
Q4.rq
total,avg,0,1,2,3,4,5,6,7,8,9,
0.19781,0.023547,0.019997,0.022219,0.018987,0.018075,0.017215,0.017678,0.021841,0.016551,0.0217,
0.196797,0.022883,0.021337,0.021143,0.01917,0.017732,0.019551,0.02234,0.017646,0.017217,0.017778,0.0196797,
Q5.rq
total,avg,0,1,2,3,4,5,6,7,8,9,
0.34346499999999996,0.031769,0.039678,0.031591,0.036032,0.028445,0.030251,0.041577,0.031251,0.031512,0.041359,
0.3786459999999999,0.040178,0.040079,0.043745,0.038072,0.043533,0.045079,0.029784,0.030037,0.039902,0.028237,0.03786459999999999,
Q6.rq
total,avg,0,1,2,3,4,5,6,7,8,9,
0.369591,0.043073,0.029744,0.043747,0.040652,0.036436,0.029923,0.039423,0.02846,0.03911,0.039023,
0.35313999999999995,0.031434,0.03676,0.042689,0.034431,0.038846,0.031946,0.030473,0.03086,0.037921,0.03778,0.035314,
Q7.rq
total,avg,0,1,2,3,4,5,6,7,8,9,
0.405069,0.052605,0.035701,0.044911,0.036494,0.045876,0.035762,0.038347,0.03302,0.049823,0.03253,
0.43772900000000003,0.04945,0.038486,0.034116,0.045493,0.046964,0.034104,0.053385,0.046941,0.035561,0.053229,0.043772900000000003,
Q8.rq
total,avg,0,1,2,3,4,5,6,7,8,9,
0.338429,0.030808,0.031864,0.0304,0.038432,0.028679,0.031804,0.035288,0.037307,0.038642,0.035205,
0.353297,0.040596,0.027478,0.036274,0.035109,0.033702,0.04024,0.024835,0.039719,0.036783,0.038561,0.035329700000000006,
Q9.rq
total,avg,0,1,2,3,4,5,6,7,8,9,
0.346643,0.043953,0.035763,0.037076,0.031647,0.03171,0.030821,0.031991,0.032767,0.033906,0.037009,
0.37033399999999994,0.03667,0.042322,0.031361,0.034939,0.032367,0.028526,0.057546,0.03117,0.039103,0.03633,0.037033399999999994,
